1.0e-7    228.21190    235.68340  95849.00000
1.0e-6    271.72189    264.63935  91842.00000
1.0e-5.500000e+00    230.93893    236.30865  90759.00000
1.0e-5    324.45902    292.59337  98960.00000
1.0e-4.500000e+00    223.88608    250.41071  70748.00000
1.0e-4    159.43492    144.10472  50222.00000
1.0e-3.500000e+00    159.30592    169.69280  48429.00000
1.0e-3    109.62011    130.57033  39244.00000
1.0e-2.500000e+00    127.44444    123.20523  35557.00000
1.0e-2     86.27751     79.61469  36064.00000
